A = [7 3 1 2 0; 3 2 -1 3 0; -2 4 4 2 7; 3 1 2 6 3; 2 -1 6 5 1];

B = [5 4 3 3 3; 2 2 7 1 -2; 1 1 2 1 4; -1 2 3 6 5; 0 5 4 1 2];